function[p1,p2,p3,p4,p5,p6,p7,p8,p9,p10,p11,p12,p13,p14,p15,p16]=AsynchronousMachineIcon






    p1=[0,10.8,21.6,28.8,34.8,36,34.8,28.8,21.6,10.8,0,-10.8,-21.6,-28.8,-34.8,-36,-34.8,-28.8,-21.6,-10.8,0];
    p2=[56.1,54.78,48.18,40.26,28.38,16.5,4.62,-7.26,-15.18,-21.78,-23.1,-21.78,-15.18,-7.26,4.62,16.5,28.38,40.26,48.18,54.78,56.1];
    p3=[-20,-43];
    p4=[50,50];
    p5=[-36,-43];
    p6=[15,15];
    p7=[-18,-43];
    p8=[-18,-18];
    p9=[15,30,43];
    p10=[40,50,50];
    p11=[45,27];
    p12=[15,15];
    p13=[15,30,43];
    p14=[-9,-18,-18];
    p15=p1*0.75;
    p16=p2*0.75+4;