function[p1,p2,p3,p4,p5,p6,p7,p8,p9,p10,p11,p12,p13,p14]=PMSynchronousMachineIcon






    p1=[0,9,18,24,29,30,29,24,18,9,0,-9,-18,-24,-29,-30,-29,-24,-18,-9,0]*1.2;
    p2=[30,29,24,18,9,0,-9,-18,-24,-29,-30,-29,-24,-18,-9,0,9,18,24,29,30]*1.2+15;
    p3=-[20,48];
    p4=[45,45];
    p5=-[36,48];
    p6=[15,15];
    p7=-[20,48];
    p8=[-15,-15];
    p9=[-10,10,10,-10,-10];
    p10=[38,38,-8,-8,38];
    p11=[-2.5,-2.5,2.5,2.5];
    p12=[0,5,0,5]*1.75+25;
    p13=[0,5,10,10,0,0,5,10]*.5-2.5;
    p14=[0,0,2,4,6,8,10,10]*.8;