function Properties=SAE5W30Properties
































    T_TLU=(linspace(-38,200,20)+273.15)';


    p_TLU=(linspace(0.01,100,20).*1e6)';


    rho_TLU=1e2.*[
    8.858509757,8.876578708,8.894647659,8.912716611,8.930785562,8.948854513,8.966923464,8.984992415,9.003061367,9.021130318,9.039199269,9.05726822,9.075337171,9.093406123,9.111475074,9.129544025,9.147612976,9.165681927,9.183750878,9.20181983
    8.782802116,8.801906996,8.821011875,8.840116755,8.859221635,8.878326515,8.897431395,8.916536275,8.935641154,8.954746034,8.973850914,8.992955794,9.012060674,9.031165554,9.050270433,9.069375313,9.088480193,9.107585073,9.126689953,9.145794833
    8.707094474,8.727235283,8.747376091,8.7675169,8.787657708,8.807798517,8.827939325,8.848080134,8.868220942,8.888361751,8.908502559,8.928643368,8.948784176,8.968924985,8.989065793,9.009206602,9.02934741,9.049488219,9.069629027,9.089769836
    8.631386833,8.65256357,8.673740307,8.694917044,8.716093782,8.737270519,8.758447256,8.779623993,8.80080073,8.821977467,8.843154204,8.864330942,8.885507679,8.906684416,8.927861153,8.94903789,8.970214627,8.991391364,9.012568101,9.033744839
    8.555679192,8.577891858,8.600104523,8.622317189,8.644529855,8.666742521,8.688955186,8.711167852,8.733380518,8.755593184,8.77780585,8.800018515,8.822231181,8.844443847,8.866656513,8.888869178,8.911081844,8.93329451,8.955507176,8.977719842
    8.47997155,8.503220145,8.526468739,8.549717334,8.572965928,8.596214523,8.619463117,8.642711711,8.665960306,8.6892089,8.712457495,8.735706089,8.758954684,8.782203278,8.805451872,8.828700467,8.851949061,8.875197656,8.89844625,8.921694845
    8.404263909,8.428548432,8.452832955,8.477117478,8.501402001,8.525686524,8.549971048,8.574255571,8.598540094,8.622824617,8.64710914,8.671393663,8.695678186,8.719962709,8.744247232,8.768531755,8.792816278,8.817100801,8.841385325,8.865669848
    8.328556268,8.353876719,8.379197171,8.404517623,8.429838075,8.455158526,8.480478978,8.50579943,8.531119882,8.556440333,8.581760785,8.607081237,8.632401688,8.65772214,8.683042592,8.708363044,8.733683495,8.759003947,8.784324399,8.809644851
    8.252848626,8.279205007,8.305561387,8.331917768,8.358274148,8.384630528,8.410986909,8.437343289,8.463699669,8.49005605,8.51641243,8.542768811,8.569125191,8.595481571,8.621837952,8.648194332,8.674550712,8.700907093,8.727263473,8.753619854
    8.177140985,8.204533294,8.231925603,8.259317912,8.286710221,8.31410253,8.341494839,8.368887148,8.396279457,8.423671766,8.451064075,8.478456384,8.505848693,8.533241002,8.560633311,8.58802562,8.615417929,8.642810239,8.670202548,8.697594857
    8.101433344,8.129861581,8.158289819,8.186718057,8.215146294,8.243574532,8.27200277,8.300431007,8.328859245,8.357287483,8.38571572,8.414143958,8.442572196,8.471000434,8.499428671,8.527856909,8.556285147,8.584713384,8.613141622,8.64156986
    8.025725702,8.055189869,8.084654035,8.114118201,8.143582368,8.173046534,8.2025107,8.231974867,8.261439033,8.290903199,8.320367366,8.349831532,8.379295698,8.408759865,8.438224031,8.467688197,8.497152364,8.52661653,8.556080696,8.585544863
    7.950018061,7.980518156,8.011018251,8.041518346,8.072018441,8.102518536,8.133018631,8.163518726,8.194018821,8.224518916,8.255019011,8.285519106,8.316019201,8.346519296,8.377019391,8.407519486,8.438019581,8.468519676,8.499019771,8.529519866
    7.87431042,7.905846443,7.937382467,7.968918491,8.000454514,8.031990538,8.063526562,8.095062585,8.126598609,8.158134632,8.189670656,8.22120668,8.252742703,8.284278727,8.31581475,8.347350774,8.378886798,8.410422821,8.441958845,8.473494868
    7.798602778,7.831174731,7.863746683,7.896318635,7.928890588,7.96146254,7.994034492,8.026606444,8.059178397,8.091750349,8.124322301,8.156894253,8.189466206,8.222038158,8.25461011,8.287182062,8.319754015,8.352325967,8.384897919,8.417469871
    7.722895137,7.756503018,7.790110899,7.82371878,7.857326661,7.890934542,7.924542423,7.958150304,7.991758184,8.025366065,8.058973946,8.092581827,8.126189708,8.159797589,8.19340547,8.227013351,8.260621232,8.294229113,8.327836994,8.361444874
    7.647187496,7.681831305,7.716475115,7.751118925,7.785762734,7.820406544,7.855050353,7.889694163,7.924337972,7.958981782,7.993625591,8.028269401,8.062913211,8.09755702,8.13220083,8.166844639,8.201488449,8.236132258,8.270776068,8.305419877
    7.571479855,7.607159593,7.642839331,7.678519069,7.714198807,7.749878546,7.785558284,7.821238022,7.85691776,7.892597498,7.928277237,7.963956975,7.999636713,8.035316451,8.070996189,8.106675928,8.142355666,8.178035404,8.213715142,8.24939488
    7.495772213,7.53248788,7.569203547,7.605919214,7.642634881,7.679350547,7.716066214,7.752781881,7.789497548,7.826213215,7.862928882,7.899644549,7.936360215,7.973075882,8.009791549,8.046507216,8.083222883,8.11993855,8.156654217,8.193369883
    7.420064572,7.457816167,7.495567763,7.533319358,7.571070954,7.608822549,7.646574145,7.68432574,7.722077336,7.759828931,7.797580527,7.835332122,7.873083718,7.910835313,7.948586909,7.986338504,8.0240901,8.061841695,8.099593291,8.137344886
    ];
