function Properties=WaterProperties





































    T_TLU=[
273.1600
285.5912
298.0224
310.4536
322.8848
335.3160
347.7472
360.1784
372.6096
385.0408
397.4720
409.9032
422.3344
434.7656
447.1968
459.6280
472.0592
484.4904
496.9216
509.3528
521.7840
534.2152
546.6464
559.0776
571.5088
583.9400
596.3712
608.8024
    ];





    p_TLU=[
1.8111e3
2.6007e3
3.7345e3
5.3626e3
7.7004e3
1.1058e4
1.5878e4
2.2801e4
3.2741e4
4.7015e4
6.7512e4
9.6945e4
1.3921e5
1.9990e5
2.8705e5
4.1219e5
5.9189e5
8.4994e5
1.2205e6
1.7526e6
2.5166e6
3.6138e6
5.1893e6
7.4516e6
1.0700e7
1.5365e7
2.2064e7
    ];


    pT_validity_TLU=[
    1,1,1,1,1,1,1,1,1,1,1,1,1,1,1,1,1,1,1,1,1,1,1,1,1,1,1
    1,1,1,1,1,1,1,1,1,1,1,1,1,1,1,1,1,1,1,1,1,1,1,1,1,1,1
    0,0,1,1,1,1,1,1,1,1,1,1,1,1,1,1,1,1,1,1,1,1,1,1,1,1,1
    0,0,0,0,1,1,1,1,1,1,1,1,1,1,1,1,1,1,1,1,1,1,1,1,1,1,1
    0,0,0,0,0,0,1,1,1,1,1,1,1,1,1,1,1,1,1,1,1,1,1,1,1,1,1
    0,0,0,0,0,0,0,1,1,1,1,1,1,1,1,1,1,1,1,1,1,1,1,1,1,1,1
    0,0,0,0,0,0,0,0,0,1,1,1,1,1,1,1,1,1,1,1,1,1,1,1,1,1,1
    0,0,0,0,0,0,0,0,0,0,1,1,1,1,1,1,1,1,1,1,1,1,1,1,1,1,1
    0,0,0,0,0,0,0,0,0,0,0,0,1,1,1,1,1,1,1,1,1,1,1,1,1,1,1
    0,0,0,0,0,0,0,0,0,0,0,0,0,1,1,1,1,1,1,1,1,1,1,1,1,1,1
    0,0,0,0,0,0,0,0,0,0,0,0,0,0,1,1,1,1,1,1,1,1,1,1,1,1,1
    0,0,0,0,0,0,0,0,0,0,0,0,0,0,0,1,1,1,1,1,1,1,1,1,1,1,1
    0,0,0,0,0,0,0,0,0,0,0,0,0,0,0,0,1,1,1,1,1,1,1,1,1,1,1
    0,0,0,0,0,0,0,0,0,0,0,0,0,0,0,0,0,1,1,1,1,1,1,1,1,1,1
    0,0,0,0,0,0,0,0,0,0,0,0,0,0,0,0,0,0,1,1,1,1,1,1,1,1,1
    0,0,0,0,0,0,0,0,0,0,0,0,0,0,0,0,0,0,1,1,1,1,1,1,1,1,1
    0,0,0,0,0,0,0,0,0,0,0,0,0,0,0,0,0,0,0,1,1,1,1,1,1,1,1
    0,0,0,0,0,0,0,0,0,0,0,0,0,0,0,0,0,0,0,0,1,1,1,1,1,1,1
    0,0,0,0,0,0,0,0,0,0,0,0,0,0,0,0,0,0,0,0,1,1,1,1,1,1,1
    0,0,0,0,0,0,0,0,0,0,0,0,0,0,0,0,0,0,0,0,0,1,1,1,1,1,1
    0,0,0,0,0,0,0,0,0,0,0,0,0,0,0,0,0,0,0,0,0,0,1,1,1,1,1
    0,0,0,0,0,0,0,0,0,0,0,0,0,0,0,0,0,0,0,0,0,0,1,1,1,1,1
    0,0,0,0,0,0,0,0,0,0,0,0,0,0,0,0,0,0,0,0,0,0,0,1,1,1,1
    0,0,0,0,0,0,0,0,0,0,0,0,0,0,0,0,0,0,0,0,0,0,0,1,1,1,1
    0,0,0,0,0,0,0,0,0,0,0,0,0,0,0,0,0,0,0,0,0,0,0,0,1,1,1
    0,0,0,0,0,0,0,0,0,0,0,0,0,0,0,0,0,0,0,0,0,0,0,0,1,1,1
    0,0,0,0,0,0,0,0,0,0,0,0,0,0,0,0,0,0,0,0,0,0,0,0,0,1,1
    0,0,0,0,0,0,0,0,0,0,0,0,0,0,0,0,0,0,0,0,0,0,0,0,0,1,1
    ];


    rho_TLU=[
    999.7931,999.7935,999.7941,999.7949,999.7961,999.7978,999.8003,999.8038,999.8089,999.8161,999.8266,999.8415,999.8630,999.8939,999.9382,1000.0019,1000.0932,1000.2243,1000.4124,1000.6822,1001.0690,1001.6233,1002.4168,1003.5512,1005.1696,1007.4724,1010.7360
    999.4018,999.4022,999.4027,999.4035,999.4046,999.4062,999.4085,999.4117,999.4164,999.4232,999.4329,999.4468,999.4667,999.4954,999.5365,999.5956,999.6804,999.8021,999.9767,1000.2272,1000.5865,1001.1013,1001.8385,1002.8928,1004.3977,1006.5407,1009.5813
    997.0354,997.0357,997.0362,997.0370,997.0380,997.0396,997.0417,997.0449,997.0493,997.0558,997.0650,997.0783,997.0974,997.1248,997.1641,997.2205,997.3016,997.4179,997.5848,997.8242,998.1675,998.6595,999.3641,1000.3718,1001.8105,1003.8594,1006.7675
    993.1764,993.1768,993.1773,993.1780,993.1790,993.1805,993.1826,993.1857,993.1900,993.1963,993.2053,993.2183,993.2369,993.2636,993.3020,993.3571,993.4361,993.5496,993.7124,993.9460,994.2809,994.7609,995.4483,996.4312,997.8344,999.8327,1002.6685
    988.1113,988.1117,988.1122,988.1129,988.1139,988.1154,988.1175,988.1205,988.1248,988.1311,988.1400,988.1529,988.1713,988.1978,988.2358,988.2904,988.3688,988.4812,988.6426,988.8741,989.2061,989.6818,990.3629,991.3367,992.7267,994.7056,997.5127
    982.0241,982.0245,982.0250,982.0257,982.0267,982.0282,982.0303,982.0333,982.0377,982.0439,982.0529,982.0658,982.0843,982.1109,982.1491,982.2039,982.2826,982.3955,982.5575,982.7898,983.1230,983.6004,984.2838,985.2607,986.6546,988.6383,991.4506
    975.0389,975.0393,975.0398,975.0405,975.0415,975.0430,975.0452,975.0482,975.0527,975.0590,975.0681,975.0812,975.1000,975.1269,975.1657,975.2212,975.3010,975.4155,975.5798,975.8155,976.1534,976.6374,977.3301,978.3202,979.7323,981.7408,984.5862
    967.2413,967.2417,967.2422,967.2429,967.2440,967.2455,967.2477,967.2509,967.2554,967.2619,967.2712,967.2846,967.3038,967.3314,967.3710,967.4279,967.5096,967.6267,967.7948,968.0360,968.3816,968.8767,969.5850,970.5971,972.0400,974.0909,976.9939
    958.6904,958.6908,958.6913,958.6921,958.6932,958.6947,958.6970,958.7002,958.7049,958.7116,958.7212,958.7350,958.7548,958.7833,958.8242,958.8828,958.9670,959.0879,959.2612,959.5098,959.8661,960.3764,961.1063,962.1488,963.6342,965.7439,968.7271
    949.4253,949.4257,949.4262,949.4270,949.4281,949.4298,949.4321,949.4355,949.4403,949.4473,949.4573,949.4716,949.4922,949.5217,949.5642,949.6251,949.7126,949.8380,950.0180,950.2762,950.6461,951.1757,951.9330,953.0142,954.5537,956.7383,959.8238
    939.4689,939.4693,939.4699,939.4707,939.4719,939.4736,939.4761,939.4796,939.4847,939.4919,939.5024,939.5173,939.5388,939.5697,939.6141,939.6778,939.7692,939.9004,940.0885,940.3583,940.7448,941.2980,942.0889,943.2173,944.8229,947.0991,950.3094
    928.8303,928.8308,928.8314,928.8322,928.8335,928.8353,928.8379,928.8416,928.8469,928.8545,928.8655,928.8813,928.9039,928.9364,928.9830,929.0500,929.1462,929.2841,929.4821,929.7658,930.1722,930.7537,931.5847,932.7696,934.4542,936.8396,940.1986
    917.5056,917.5060,917.5066,917.5076,917.5089,917.5108,917.5135,917.5174,917.5231,917.5311,917.5427,917.5594,917.5833,917.6177,917.6670,917.7379,917.8396,917.9857,918.1952,918.4954,918.9255,919.5406,920.4191,921.6708,923.4488,925.9629,929.4967
    905.4776,905.4781,905.4787,905.4797,905.4811,905.4832,905.4861,905.4902,905.4962,905.5048,905.5172,905.5349,905.5603,905.5969,905.6494,905.7248,905.8330,905.9884,906.2116,906.5314,906.9893,907.6441,908.5786,909.9091,911.7967,914.4617,918.1996
    892.7159,892.7164,892.7172,892.7182,892.7197,892.7219,892.7250,892.7295,892.7359,892.7451,892.7583,892.7773,892.8045,892.8436,892.8998,892.9804,893.0963,893.2626,893.5014,893.8444,894.3352,895.0367,896.0373,897.4605,899.4769,902.3185,906.2945
    879.1708,879.1714,879.1722,879.1733,879.1749,879.1773,879.1806,879.1854,879.1924,879.2023,879.2166,879.2371,879.2665,879.3087,879.3694,879.4565,879.5816,879.7613,880.0193,880.3897,880.9196,881.6766,882.7554,884.2880,886.4561,889.5049,893.7585
    864.7832,864.7838,864.7846,864.7858,864.7876,864.7901,864.7938,864.7990,864.8065,864.8173,864.8328,864.8550,864.8869,864.9327,864.9985,865.0929,865.2286,865.4233,865.7030,866.1047,866.6814,867.5046,868.6766,870.3394,872.6870,875.9799,880.5586
    849.4671,849.4678,849.4687,849.4701,849.4720,849.4748,849.4787,849.4844,849.4926,849.5043,849.5212,849.5454,849.5802,849.6302,849.7019,849.8049,849.9528,850.1652,850.4702,850.9082,851.5371,852.4402,853.7244,855.5433,858.1055,861.6882,866.6498
    833.0803,833.0810,833.0820,833.0835,833.0857,833.0887,833.0931,833.0994,833.1085,833.1215,833.1402,833.1671,833.2056,833.2610,833.3405,833.4547,833.6186,833.8540,834.1920,834.6774,835.3744,836.3753,837.7964,839.8050,842.6263,846.5564,851.9726
    815.5156,815.5164,815.5176,815.5192,815.5216,815.5250,815.5298,815.5368,815.5469,815.5613,815.5820,815.6117,815.6544,815.7157,815.8037,815.9301,816.1115,816.3721,816.7463,817.2837,818.0553,819.1633,820.7544,822.9972,826.1362,830.4884,836.4503
    796.5890,796.5899,796.5912,796.5930,796.5957,796.5994,796.6048,796.6126,796.6237,796.6398,796.6628,796.6958,796.7432,796.8113,796.9091,797.0495,797.2511,797.5406,797.9564,798.5534,799.4106,800.6417,802.4093,804.9477,808.4839,813.3573,819.9833
    775.7948,775.7958,775.7973,775.7994,775.8024,775.8068,775.8130,775.8219,775.8348,775.8532,775.8797,775.9177,775.9723,776.0507,776.1632,776.3249,776.5570,776.8902,777.3688,778.0561,779.0429,780.4600,782.4949,785.4169,789.4623,794.9936,802.4417
    753.2321,753.2332,753.2348,753.2372,753.2406,753.2455,753.2525,753.2626,753.2770,753.2977,753.3275,753.3703,753.4317,753.5199,753.6466,753.8284,754.0896,754.4645,755.0030,755.7763,756.8866,758.4810,760.7705,764.0581,768.7791,775.1646,783.6536
